4892
4893
4894
4956
4957
4958
4959
4960
4961
4962
5021
5022
5023
5024
5025
5026
5027
5028
5087
5088
5089
5090
5091
5092
5093
5094
5151
5152
5153
5154
5155
5156
5157
5214
5215
5216
5217
5218
5219
5276
5277
5278
5279
5280
5281
5282
5340
5341
5342
5343
5344
5345
5346
5347
5348
5406
5407
5408
5409
5410
5411
5412
5413
5474
5475
5476
5477
5478
8360
8361
8362
8424
8425
8426
8427
8428
8429
8430
8489
8490
8491
8492
8493
8494
8495
8496
8555
8556
8557
8558
8559
8560
8561
8562
8619
8620
8621
8622
8623
8624
8625
8682
8683
8684
8685
8686
8687
8744
8745
8746
8747
8748
8749
8750
8808
8809
8810
8811
8812
8813
8814
8815
8816
8874
8875
8876
8877
8878
8879
8880
8881
8942
8943
8944
8945
8946
11828
11829
11830
11892
11893
11894
11895
11896
11897
11898
11957
11958
11959
11960
11961
11962
11963
11964
12023
12024
12025
12026
12027
12028
12029
12030
12087
12088
12089
12090
12091
12092
12093
12150
12151
12152
12153
12154
12155
12212
12213
12214
12215
12216
12217
12218
12276
12277
12278
12279
12280
12281
12282
12283
12284
12342
12343
12344
12345
12346
12347
12348
12349
12410
12411
12412
12413
12414
15296
15297
15298
15360
15361
15362
15363
15364
15365
15366
15425
15426
15427
15428
15429
15430
15431
15432
15491
15492
15493
15494
15495
15496
15497
15498
15555
15556
15557
15558
15559
15560
15561
15618
15619
15620
15621
15622
15623
15680
15681
15682
15683
15684
15685
15686
15744
15745
15746
15747
15748
15749
15750
15751
15752
15810
15811
15812
15813
15814
15815
15816
15817
15878
15879
15880
15881
15882
18764
18765
18766
18828
18829
18830
18831
18832
18833
18834
18893
18894
18895
18896
18897
18898
18899
18900
18959
18960
18961
18962
18963
18964
18965
18966
19023
19024
19025
19026
19027
19028
19029
19086
19087
19088
19089
19090
19091
19148
19149
19150
19151
19152
19153
19154
19212
19213
19214
19215
19216
19217
19218
19219
19220
19278
19279
19280
19281
19282
19283
19284
19285
19346
19347
19348
19349
19350
22232
22233
22234
22296
22297
22298
22299
22300
22301
22302
22361
22362
22363
22364
22365
22366
22367
22368
22427
22428
22429
22430
22431
22432
22433
22434
22491
22492
22493
22494
22495
22496
22497
22554
22555
22556
22557
22558
22559
22616
22617
22618
22619
22620
22621
22622
22680
22681
22682
22683
22684
22685
22686
22687
22688
22746
22747
22748
22749
22750
22751
22752
22753
22814
22815
22816
22817
22818
