1
2
3
4
5
6
7
8
9
10
11
12
13
14
15
16
17
18
19
20
21
22
23
24
25
26
27
28
29
30
31
32
33
34
35
36
37
38
39
40
41
42
43
44
45
46
47
48
49
50
51
52
53
54
55
56
57
58
59
60
61
62
63
64
65
66
78
79
80
81
82
83
84
85
86
87
88
89
90
91
92
93
113
114
115
116
117
118
119
120
121
122
123
124
125
150
151
152
153
154
155
156
157
158
159
160
161
190
191
192
193
194
195
196
197
198
199
200
233
234
235
236
237
238
239
240
241
242
278
279
280
281
282
283
284
285
286
287
325
326
327
328
329
330
331
332
333
374
375
376
377
378
379
380
381
382
425
426
427
428
429
430
431
432
433
478
479
480
481
482
483
484
531
532
533
534
535
536
537
538
586
587
588
589
590
591
592
593
643
644
645
646
647
648
700
701
702
703
704
705
758
759
760
761
762
763
764
765
819
820
821
822
823
824
879
880
881
882
883
884
885
941
942
943
944
945
946
1003
1004
1005
1006
1007
1008
1066
1067
1068
1069
1070
1071
1072
1130
1131
1132
1133
1134
1135
1194
1195
1196
1197
1198
1199
1259
1260
1261
1262
1263
1264
1324
1325
1326
1327
1328
1329
1389
1390
1391
1392
1393
1394
1455
1456
1457
1458
1459
1460
1521
1522
1523
1524
1525
1526
1588
1589
1590
1591
1592
1653
1654
1655
1656
1657
1716
1717
1718
1719
1720
1778
1779
1780
1781
1782
1841
1842
1843
1844
1845
1907
1908
1909
1910
1911
1973
1974
1975
1976
1977
2038
2039
2040
2041
2042
2043
2104
2105
2106
2107
2108
2109
2169
2170
2171
2172
2173
2174
2234
2235
2236
2237
2238
2239
2299
2300
2301
2302
2303
2304
2363
2364
2365
2366
2367
2368
2426
2427
2428
2429
2430
2431
2489
2490
2491
2492
2493
2494
2495
2551
2552
2553
2554
2555
2556
2612
2613
2614
2615
2616
2617
2618
2672
2673
2674
2675
2676
2677
2678
2732
2733
2734
2735
2736
2737
2738
2790
2791
2792
2793
2794
2795
2846
2847
2848
2849
2850
2851
2852
2853
2903
2904
2905
2906
2907
2908
2909
2957
2958
2959
2960
2961
2962
2963
2964
3010
3011
3012
3013
3014
3015
3016
3017
3061
3062
3063
3064
3065
3066
3067
3068
3069
3111
3112
3113
3114
3115
3116
3117
3118
3119
3159
3160
3161
3162
3163
3164
3165
3166
3167
3205
3206
3207
3208
3209
3210
3211
3212
3213
3248
3249
3250
3251
3252
3253
3254
3255
3256
3257
3289
3290
3291
3292
3293
3294
3295
3296
3297
3298
3299
3327
3328
3329
3330
3331
3332
3333
3334
3335
3336
3337
3338
3362
3363
3364
3365
3366
3367
3368
3369
3370
3371
3372
3373
3374
3375
3393
3394
3395
3396
3397
3398
3399
3400
3401
3402
3403
3404
3405
3406
3407
3408
3409
3410
3418
3419
3420
3421
3422
3423
3424
3425
3426
3427
3428
3429
3430
3431
3432
3433
3434
3435
3436
3437
3438
3439
3440
3441
3442
3443
3444
3445
3446
3447
3448
3449
3450
3451
3452
3453
3454
3455
3456
3457
3458
3459
3460
3461
3462
3463
3464
3465
3466
3467
3468
3469
3470
3471
3472
3473
3474
3475
3476
3477
3478
3479
3480
3481
3482
3483
3484
3485
3486
3487
3488
3489
3490
3491
3492
3493
3494
3495
3496
3497
3498
3499
3500
3501
3502
3503
3504
3505
3506
3507
3508
3509
3510
3511
3512
3513
3514
3515
3516
3517
3518
3519
3520
3521
3522
3523
3524
3525
3526
3527
3528
3529
3530
3531
3532
3533
3534
3546
3547
3548
3549
3550
3551
3552
3553
3554
3555
3556
3557
3558
3559
3560
3561
3581
3582
3583
3584
3585
3586
3587
3588
3589
3590
3591
3592
3593
3618
3619
3620
3621
3622
3623
3624
3625
3626
3627
3628
3629
3658
3659
3660
3661
3662
3663
3664
3665
3666
3667
3668
3701
3702
3703
3704
3705
3706
3707
3708
3709
3710
3746
3747
3748
3749
3750
3751
3752
3753
3754
3755
3793
3794
3795
3796
3797
3798
3799
3800
3801
3842
3843
3844
3845
3846
3847
3848
3849
3850
3893
3894
3895
3896
3897
3898
3899
3900
3901
3946
3947
3948
3949
3950
3951
3952
3999
4000
4001
4002
4003
4004
4005
4006
4054
4055
4056
4057
4058
4059
4060
4061
4111
4112
4113
4114
4115
4116
4168
4169
4170
4171
4172
4173
4226
4227
4228
4229
4230
4231
4232
4233
4287
4288
4289
4290
4291
4292
4347
4348
4349
4350
4351
4352
4353
4409
4410
4411
4412
4413
4414
4471
4472
4473
4474
4475
4476
4534
4535
4536
4537
4538
4539
4540
4598
4599
4600
4601
4602
4603
4662
4663
4664
4665
4666
4667
4727
4728
4729
4730
4731
4732
4792
4793
4794
4795
4796
4797
4857
4858
4859
4860
4861
4862
4923
4924
4925
4926
4927
4928
4989
4990
4991
4992
4993
4994
5056
5057
5058
5059
5060
5121
5122
5123
5124
5125
5184
5185
5186
5187
5188
5246
5247
5248
5249
5250
5309
5310
5311
5312
5313
5375
5376
5377
5378
5379
5441
5442
5443
5444
5445
5506
5507
5508
5509
5510
5511
5572
5573
5574
5575
5576
5577
5637
5638
5639
5640
5641
5642
5702
5703
5704
5705
5706
5707
5767
5768
5769
5770
5771
5772
5831
5832
5833
5834
5835
5836
5894
5895
5896
5897
5898
5899
5957
5958
5959
5960
5961
5962
5963
6019
6020
6021
6022
6023
6024
6080
6081
6082
6083
6084
6085
6086
6140
6141
6142
6143
6144
6145
6146
6200
6201
6202
6203
6204
6205
6206
6258
6259
6260
6261
6262
6263
6314
6315
6316
6317
6318
6319
6320
6321
6371
6372
6373
6374
6375
6376
6377
6425
6426
6427
6428
6429
6430
6431
6432
6478
6479
6480
6481
6482
6483
6484
6485
6529
6530
6531
6532
6533
6534
6535
6536
6537
6579
6580
6581
6582
6583
6584
6585
6586
6587
6627
6628
6629
6630
6631
6632
6633
6634
6635
6673
6674
6675
6676
6677
6678
6679
6680
6681
6716
6717
6718
6719
6720
6721
6722
6723
6724
6725
6757
6758
6759
6760
6761
6762
6763
6764
6765
6766
6767
6795
6796
6797
6798
6799
6800
6801
6802
6803
6804
6805
6806
6830
6831
6832
6833
6834
6835
6836
6837
6838
6839
6840
6841
6842
6843
6861
6862
6863
6864
6865
6866
6867
6868
6869
6870
6871
6872
6873
6874
6875
6876
6877
6878
6886
6887
6888
6889
6890
6891
6892
6893
6894
6895
6896
6897
6898
6899
6900
6901
6902
6903
6904
6905
6906
6907
6908
6909
6910
6911
6912
6913
6914
6915
6916
6917
6918
6919
6920
6921
6922
6923
6924
6925
6926
6927
6928
6929
6930
6931
6932
6933
6934
6935
6936
6937
6938
6939
6940
6941
6942
6943
6944
6945
6946
6947
6948
6949
6950
6951
6952
6953
6954
6955
6956
6957
6958
6959
6960
6961
6962
6963
6964
6965
6966
6967
6968
6969
6970
6971
6972
6973
6974
6975
6976
6977
6978
6979
6980
6981
6982
6983
6984
6985
6986
6987
6988
6989
6990
6991
6992
6993
6994
6995
6996
6997
6998
6999
7000
7001
7002
7014
7015
7016
7017
7018
7019
7020
7021
7022
7023
7024
7025
7026
7027
7028
7029
7049
7050
7051
7052
7053
7054
7055
7056
7057
7058
7059
7060
7061
7086
7087
7088
7089
7090
7091
7092
7093
7094
7095
7096
7097
7126
7127
7128
7129
7130
7131
7132
7133
7134
7135
7136
7169
7170
7171
7172
7173
7174
7175
7176
7177
7178
7214
7215
7216
7217
7218
7219
7220
7221
7222
7223
7261
7262
7263
7264
7265
7266
7267
7268
7269
7310
7311
7312
7313
7314
7315
7316
7317
7318
7361
7362
7363
7364
7365
7366
7367
7368
7369
7414
7415
7416
7417
7418
7419
7420
7467
7468
7469
7470
7471
7472
7473
7474
7522
7523
7524
7525
7526
7527
7528
7529
7579
7580
7581
7582
7583
7584
7636
7637
7638
7639
7640
7641
7694
7695
7696
7697
7698
7699
7700
7701
7755
7756
7757
7758
7759
7760
7815
7816
7817
7818
7819
7820
7821
7877
7878
7879
7880
7881
7882
7939
7940
7941
7942
7943
7944
8002
8003
8004
8005
8006
8007
8008
8066
8067
8068
8069
8070
8071
8130
8131
8132
8133
8134
8135
8195
8196
8197
8198
8199
8200
8260
8261
8262
8263
8264
8265
8325
8326
8327
8328
8329
8330
8391
8392
8393
8394
8395
8396
8457
8458
8459
8460
8461
8462
8524
8525
8526
8527
8528
8589
8590
8591
8592
8593
8652
8653
8654
8655
8656
8714
8715
8716
8717
8718
8777
8778
8779
8780
8781
8843
8844
8845
8846
8847
8909
8910
8911
8912
8913
8974
8975
8976
8977
8978
8979
9040
9041
9042
9043
9044
9045
9105
9106
9107
9108
9109
9110
9170
9171
9172
9173
9174
9175
9235
9236
9237
9238
9239
9240
9299
9300
9301
9302
9303
9304
9362
9363
9364
9365
9366
9367
9425
9426
9427
9428
9429
9430
9431
9487
9488
9489
9490
9491
9492
9548
9549
9550
9551
9552
9553
9554
9608
9609
9610
9611
9612
9613
9614
9668
9669
9670
9671
9672
9673
9674
9726
9727
9728
9729
9730
9731
9782
9783
9784
9785
9786
9787
9788
9789
9839
9840
9841
9842
9843
9844
9845
9893
9894
9895
9896
9897
9898
9899
9900
9946
9947
9948
9949
9950
9951
9952
9953
9997
9998
9999
10000
10001
10002
10003
10004
10005
10047
10048
10049
10050
10051
10052
10053
10054
10055
10095
10096
10097
10098
10099
10100
10101
10102
10103
10141
10142
10143
10144
10145
10146
10147
10148
10149
10184
10185
10186
10187
10188
10189
10190
10191
10192
10193
10225
10226
10227
10228
10229
10230
10231
10232
10233
10234
10235
10263
10264
10265
10266
10267
10268
10269
10270
10271
10272
10273
10274
10298
10299
10300
10301
10302
10303
10304
10305
10306
10307
10308
10309
10310
10311
10329
10330
10331
10332
10333
10334
10335
10336
10337
10338
10339
10340
10341
10342
10343
10344
10345
10346
10354
10355
10356
10357
10358
10359
10360
10361
10362
10363
10364
10365
10366
10367
10368
10369
10370
10371
10372
10373
10374
10375
10376
10377
10378
10379
10380
10381
10382
10383
10384
10385
10386
10387
10388
10389
10390
10391
10392
10393
10394
10395
10396
10397
10398
10399
10400
10401
10402
10403
10404
10405
10406
10407
10408
10409
10410
10411
10412
10413
10414
10415
10416
10417
10418
10419
10420
10421
10422
10423
10424
10425
10426
10427
10428
10429
10430
10431
10432
10433
10434
10435
10436
10437
10438
10439
10440
10441
10442
10443
10444
10445
10446
10447
10448
10449
10450
10451
10452
10453
10454
10455
10456
10457
10458
10459
10460
10461
10462
10463
10464
10465
10466
10467
10468
10469
10470
10482
10483
10484
10485
10486
10487
10488
10489
10490
10491
10492
10493
10494
10495
10496
10497
10517
10518
10519
10520
10521
10522
10523
10524
10525
10526
10527
10528
10529
10554
10555
10556
10557
10558
10559
10560
10561
10562
10563
10564
10565
10594
10595
10596
10597
10598
10599
10600
10601
10602
10603
10604
10637
10638
10639
10640
10641
10642
10643
10644
10645
10646
10682
10683
10684
10685
10686
10687
10688
10689
10690
10691
10729
10730
10731
10732
10733
10734
10735
10736
10737
10778
10779
10780
10781
10782
10783
10784
10785
10786
10829
10830
10831
10832
10833
10834
10835
10836
10837
10882
10883
10884
10885
10886
10887
10888
10935
10936
10937
10938
10939
10940
10941
10942
10990
10991
10992
10993
10994
10995
10996
10997
11047
11048
11049
11050
11051
11052
11104
11105
11106
11107
11108
11109
11162
11163
11164
11165
11166
11167
11168
11169
11223
11224
11225
11226
11227
11228
11283
11284
11285
11286
11287
11288
11289
11345
11346
11347
11348
11349
11350
11407
11408
11409
11410
11411
11412
11470
11471
11472
11473
11474
11475
11476
11534
11535
11536
11537
11538
11539
11598
11599
11600
11601
11602
11603
11663
11664
11665
11666
11667
11668
11728
11729
11730
11731
11732
11733
11793
11794
11795
11796
11797
11798
11859
11860
11861
11862
11863
11864
11925
11926
11927
11928
11929
11930
11992
11993
11994
11995
11996
12057
12058
12059
12060
12061
12120
12121
12122
12123
12124
12182
12183
12184
12185
12186
12245
12246
12247
12248
12249
12311
12312
12313
12314
12315
12377
12378
12379
12380
12381
12442
12443
12444
12445
12446
12447
12508
12509
12510
12511
12512
12513
12573
12574
12575
12576
12577
12578
12638
12639
12640
12641
12642
12643
12703
12704
12705
12706
12707
12708
12767
12768
12769
12770
12771
12772
12830
12831
12832
12833
12834
12835
12893
12894
12895
12896
12897
12898
12899
12955
12956
12957
12958
12959
12960
13016
13017
13018
13019
13020
13021
13022
13076
13077
13078
13079
13080
13081
13082
13136
13137
13138
13139
13140
13141
13142
13194
13195
13196
13197
13198
13199
13250
13251
13252
13253
13254
13255
13256
13257
13307
13308
13309
13310
13311
13312
13313
13361
13362
13363
13364
13365
13366
13367
13368
13414
13415
13416
13417
13418
13419
13420
13421
13465
13466
13467
13468
13469
13470
13471
13472
13473
13515
13516
13517
13518
13519
13520
13521
13522
13523
13563
13564
13565
13566
13567
13568
13569
13570
13571
13609
13610
13611
13612
13613
13614
13615
13616
13617
13652
13653
13654
13655
13656
13657
13658
13659
13660
13661
13693
13694
13695
13696
13697
13698
13699
13700
13701
13702
13703
13731
13732
13733
13734
13735
13736
13737
13738
13739
13740
13741
13742
13766
13767
13768
13769
13770
13771
13772
13773
13774
13775
13776
13777
13778
13779
13797
13798
13799
13800
13801
13802
13803
13804
13805
13806
13807
13808
13809
13810
13811
13812
13813
13814
13822
13823
13824
13825
13826
13827
13828
13829
13830
13831
13832
13833
13834
13835
13836
13837
13838
13839
13840
13841
13842
13843
13844
13845
13846
13847
13848
13849
13850
13851
13852
13853
13854
13855
13856
13857
13858
13859
13860
13861
13862
13863
13864
13865
13866
13867
13868
13869
13870
13871
13872
13873
13874
13875
13876
13877
13878
13879
13880
13881
13882
13883
13884
13885
13886
13887
13888
13889
13890
13891
13892
13893
13894
13895
13896
13897
13898
13899
13900
13901
13902
13903
13904
13905
13906
13907
13908
13909
13910
13911
13912
13913
13914
13915
13916
13917
13918
13919
13920
13921
13922
13923
13924
13925
13926
13927
13928
13929
13930
13931
13932
13933
13934
13935
13936
13937
13938
13950
13951
13952
13953
13954
13955
13956
13957
13958
13959
13960
13961
13962
13963
13964
13965
13985
13986
13987
13988
13989
13990
13991
13992
13993
13994
13995
13996
13997
14022
14023
14024
14025
14026
14027
14028
14029
14030
14031
14032
14033
14062
14063
14064
14065
14066
14067
14068
14069
14070
14071
14072
14105
14106
14107
14108
14109
14110
14111
14112
14113
14114
14150
14151
14152
14153
14154
14155
14156
14157
14158
14159
14197
14198
14199
14200
14201
14202
14203
14204
14205
14246
14247
14248
14249
14250
14251
14252
14253
14254
14297
14298
14299
14300
14301
14302
14303
14304
14305
14350
14351
14352
14353
14354
14355
14356
14403
14404
14405
14406
14407
14408
14409
14410
14458
14459
14460
14461
14462
14463
14464
14465
14515
14516
14517
14518
14519
14520
14572
14573
14574
14575
14576
14577
14630
14631
14632
14633
14634
14635
14636
14637
14691
14692
14693
14694
14695
14696
14751
14752
14753
14754
14755
14756
14757
14813
14814
14815
14816
14817
14818
14875
14876
14877
14878
14879
14880
14938
14939
14940
14941
14942
14943
14944
15002
15003
15004
15005
15006
15007
15066
15067
15068
15069
15070
15071
15131
15132
15133
15134
15135
15136
15196
15197
15198
15199
15200
15201
15261
15262
15263
15264
15265
15266
15327
15328
15329
15330
15331
15332
15393
15394
15395
15396
15397
15398
15460
15461
15462
15463
15464
15525
15526
15527
15528
15529
15588
15589
15590
15591
15592
15650
15651
15652
15653
15654
15713
15714
15715
15716
15717
15779
15780
15781
15782
15783
15845
15846
15847
15848
15849
15910
15911
15912
15913
15914
15915
15976
15977
15978
15979
15980
15981
16041
16042
16043
16044
16045
16046
16106
16107
16108
16109
16110
16111
16171
16172
16173
16174
16175
16176
16235
16236
16237
16238
16239
16240
16298
16299
16300
16301
16302
16303
16361
16362
16363
16364
16365
16366
16367
16423
16424
16425
16426
16427
16428
16484
16485
16486
16487
16488
16489
16490
16544
16545
16546
16547
16548
16549
16550
16604
16605
16606
16607
16608
16609
16610
16662
16663
16664
16665
16666
16667
16718
16719
16720
16721
16722
16723
16724
16725
16775
16776
16777
16778
16779
16780
16781
16829
16830
16831
16832
16833
16834
16835
16836
16882
16883
16884
16885
16886
16887
16888
16889
16933
16934
16935
16936
16937
16938
16939
16940
16941
16983
16984
16985
16986
16987
16988
16989
16990
16991
17031
17032
17033
17034
17035
17036
17037
17038
17039
17077
17078
17079
17080
17081
17082
17083
17084
17085
17120
17121
17122
17123
17124
17125
17126
17127
17128
17129
17161
17162
17163
17164
17165
17166
17167
17168
17169
17170
17171
17199
17200
17201
17202
17203
17204
17205
17206
17207
17208
17209
17210
17234
17235
17236
17237
17238
17239
17240
17241
17242
17243
17244
17245
17246
17247
17265
17266
17267
17268
17269
17270
17271
17272
17273
17274
17275
17276
17277
17278
17279
17280
17281
17282
17290
17291
17292
17293
17294
17295
17296
17297
17298
17299
17300
17301
17302
17303
17304
17305
17306
17307
17308
17309
17310
17311
17312
17313
17314
17315
17316
17317
17318
17319
17320
17321
17322
17323
17324
17325
17326
17327
17328
17329
17330
17331
17332
17333
17334
17335
17336
17337
17338
17339
17340
17341
17342
17343
17344
17345
17346
17347
17348
17349
17350
17351
17352
17353
17354
17355
17356
17357
17358
17359
17360
17361
17362
17363
17364
17365
17366
17367
17368
17369
17370
17371
17372
17373
17374
17375
17376
17377
17378
17379
17380
17381
17382
17383
17384
17385
17386
17387
17388
17389
17390
17391
17392
17393
17394
17395
17396
17397
17398
17399
17400
17401
17402
17403
17404
17405
17406
17418
17419
17420
17421
17422
17423
17424
17425
17426
17427
17428
17429
17430
17431
17432
17433
17453
17454
17455
17456
17457
17458
17459
17460
17461
17462
17463
17464
17465
17490
17491
17492
17493
17494
17495
17496
17497
17498
17499
17500
17501
17530
17531
17532
17533
17534
17535
17536
17537
17538
17539
17540
17573
17574
17575
17576
17577
17578
17579
17580
17581
17582
17618
17619
17620
17621
17622
17623
17624
17625
17626
17627
17665
17666
17667
17668
17669
17670
17671
17672
17673
17714
17715
17716
17717
17718
17719
17720
17721
17722
17765
17766
17767
17768
17769
17770
17771
17772
17773
17818
17819
17820
17821
17822
17823
17824
17871
17872
17873
17874
17875
17876
17877
17878
17926
17927
17928
17929
17930
17931
17932
17933
17983
17984
17985
17986
17987
17988
18040
18041
18042
18043
18044
18045
18098
18099
18100
18101
18102
18103
18104
18105
18159
18160
18161
18162
18163
18164
18219
18220
18221
18222
18223
18224
18225
18281
18282
18283
18284
18285
18286
18343
18344
18345
18346
18347
18348
18406
18407
18408
18409
18410
18411
18412
18470
18471
18472
18473
18474
18475
18534
18535
18536
18537
18538
18539
18599
18600
18601
18602
18603
18604
18664
18665
18666
18667
18668
18669
18729
18730
18731
18732
18733
18734
18795
18796
18797
18798
18799
18800
18861
18862
18863
18864
18865
18866
18928
18929
18930
18931
18932
18993
18994
18995
18996
18997
19056
19057
19058
19059
19060
19118
19119
19120
19121
19122
19181
19182
19183
19184
19185
19247
19248
19249
19250
19251
19313
19314
19315
19316
19317
19378
19379
19380
19381
19382
19383
19444
19445
19446
19447
19448
19449
19509
19510
19511
19512
19513
19514
19574
19575
19576
19577
19578
19579
19639
19640
19641
19642
19643
19644
19703
19704
19705
19706
19707
19708
19766
19767
19768
19769
19770
19771
19829
19830
19831
19832
19833
19834
19835
19891
19892
19893
19894
19895
19896
19952
19953
19954
19955
19956
19957
19958
20012
20013
20014
20015
20016
20017
20018
20072
20073
20074
20075
20076
20077
20078
20130
20131
20132
20133
20134
20135
20186
20187
20188
20189
20190
20191
20192
20193
20243
20244
20245
20246
20247
20248
20249
20297
20298
20299
20300
20301
20302
20303
20304
20350
20351
20352
20353
20354
20355
20356
20357
20401
20402
20403
20404
20405
20406
20407
20408
20409
20451
20452
20453
20454
20455
20456
20457
20458
20459
20499
20500
20501
20502
20503
20504
20505
20506
20507
20545
20546
20547
20548
20549
20550
20551
20552
20553
20588
20589
20590
20591
20592
20593
20594
20595
20596
20597
20629
20630
20631
20632
20633
20634
20635
20636
20637
20638
20639
20667
20668
20669
20670
20671
20672
20673
20674
20675
20676
20677
20678
20702
20703
20704
20705
20706
20707
20708
20709
20710
20711
20712
20713
20714
20715
20733
20734
20735
20736
20737
20738
20739
20740
20741
20742
20743
20744
20745
20746
20747
20748
20749
20750
20758
20759
20760
20761
20762
20763
20764
20765
20766
20767
20768
20769
20770
20771
20772
20773
20774
20775
20776
20777
20778
20779
20780
20781
20782
20783
20784
20785
20786
20787
20788
20789
20790
20791
20792
20793
20794
20795
20796
20797
20798
20799
20800
20801
20802
20803
20804
20805
20806
20807
20808
20809
20810
20811
20812
20813
20814
20815
20816
20817
20818
20819
20820
20821
20822
20823
20824
20825
20826
20827
20828
20829
20830
20831
20832
20833
20834
20835
20836
20837
20838
20839
20840
20841
20842
20843
20844
20845
20846
20847
20848
20849
20850
20851
20852
20853
20854
20855
20856
20857
20858
20859
20860
20861
20862
20863
20864
20865
20866
20867
20868
20869
20870
20871
20872
20873
20874
20886
20887
20888
20889
20890
20891
20892
20893
20894
20895
20896
20897
20898
20899
20900
20901
20921
20922
20923
20924
20925
20926
20927
20928
20929
20930
20931
20932
20933
20958
20959
20960
20961
20962
20963
20964
20965
20966
20967
20968
20969
20998
20999
21000
21001
21002
21003
21004
21005
21006
21007
21008
21041
21042
21043
21044
21045
21046
21047
21048
21049
21050
21086
21087
21088
21089
21090
21091
21092
21093
21094
21095
21133
21134
21135
21136
21137
21138
21139
21140
21141
21182
21183
21184
21185
21186
21187
21188
21189
21190
21233
21234
21235
21236
21237
21238
21239
21240
21241
21286
21287
21288
21289
21290
21291
21292
21339
21340
21341
21342
21343
21344
21345
21346
21394
21395
21396
21397
21398
21399
21400
21401
21451
21452
21453
21454
21455
21456
21508
21509
21510
21511
21512
21513
21566
21567
21568
21569
21570
21571
21572
21573
21627
21628
21629
21630
21631
21632
21687
21688
21689
21690
21691
21692
21693
21749
21750
21751
21752
21753
21754
21811
21812
21813
21814
21815
21816
21874
21875
21876
21877
21878
21879
21880
21938
21939
21940
21941
21942
21943
22002
22003
22004
22005
22006
22007
22067
22068
22069
22070
22071
22072
22132
22133
22134
22135
22136
22137
22197
22198
22199
22200
22201
22202
22263
22264
22265
22266
22267
22268
22329
22330
22331
22332
22333
22334
22396
22397
22398
22399
22400
22461
22462
22463
22464
22465
22524
22525
22526
22527
22528
22586
22587
22588
22589
22590
22649
22650
22651
22652
22653
22715
22716
22717
22718
22719
22781
22782
22783
22784
22785
22846
22847
22848
22849
22850
22851
22912
22913
22914
22915
22916
22917
22977
22978
22979
22980
22981
22982
23042
23043
23044
23045
23046
23047
23107
23108
23109
23110
23111
23112
23171
23172
23173
23174
23175
23176
23234
23235
23236
23237
23238
23239
23297
23298
23299
23300
23301
23302
23303
23359
23360
23361
23362
23363
23364
23420
23421
23422
23423
23424
23425
23426
23480
23481
23482
23483
23484
23485
23486
23540
23541
23542
23543
23544
23545
23546
23598
23599
23600
23601
23602
23603
23654
23655
23656
23657
23658
23659
23660
23661
23711
23712
23713
23714
23715
23716
23717
23765
23766
23767
23768
23769
23770
23771
23772
23818
23819
23820
23821
23822
23823
23824
23825
23869
23870
23871
23872
23873
23874
23875
23876
23877
23919
23920
23921
23922
23923
23924
23925
23926
23927
23967
23968
23969
23970
23971
23972
23973
23974
23975
24013
24014
24015
24016
24017
24018
24019
24020
24021
24056
24057
24058
24059
24060
24061
24062
24063
24064
24065
24097
24098
24099
24100
24101
24102
24103
24104
24105
24106
24107
24135
24136
24137
24138
24139
24140
24141
24142
24143
24144
24145
24146
24170
24171
24172
24173
24174
24175
24176
24177
24178
24179
24180
24181
24182
24183
24201
24202
24203
24204
24205
24206
24207
24208
24209
24210
24211
24212
24213
24214
24215
24216
24217
24218
24226
24227
24228
24229
24230
24231
24232
24233
24234
24235
24236
24237
24238
24239
24240
24241
24242
24243
24244
24245
24246
24247
24248
24249
24250
24251
24252
24253
24254
24255
24256
24257
24258
24259
24260
24261
24262
24263
24264
24265
24266
24267
24268
24269
24270
24271
24272
24273
24274
24275
24276
24277
24278
24279
24280
24281
24282
24283
24284
24285
24286
24287
24288
24289
24290
24291
24292
24293
24294
24295
24296
24297
24298
24299
24300
24301
24302
24303
24304
24305
24306
24307
24308
24309
24310
24311
24312
24313
24314
24315
24316
24317
24318
24319
24320
24321
24322
24323
24324
24325
24326
24327
24328
24329
24330
24331
24332
24333
24334
24335
24336
24337
24338
24339
24340
24341
24342
24354
24355
24356
24357
24358
24359
24360
24361
24362
24363
24364
24365
24366
24367
24368
24369
24389
24390
24391
24392
24393
24394
24395
24396
24397
24398
24399
24400
24401
24426
24427
24428
24429
24430
24431
24432
24433
24434
24435
24436
24437
24466
24467
24468
24469
24470
24471
24472
24473
24474
24475
24476
24509
24510
24511
24512
24513
24514
24515
24516
24517
24518
24554
24555
24556
24557
24558
24559
24560
24561
24562
24563
24601
24602
24603
24604
24605
24606
24607
24608
24609
24650
24651
24652
24653
24654
24655
24656
24657
24658
24701
24702
24703
24704
24705
24706
24707
24708
24709
24754
24755
24756
24757
24758
24759
24760
24807
24808
24809
24810
24811
24812
24813
24814
24862
24863
24864
24865
24866
24867
24868
24869
24919
24920
24921
24922
24923
24924
24976
24977
24978
24979
24980
24981
25034
25035
25036
25037
25038
25039
25040
25041
25095
25096
25097
25098
25099
25100
25155
25156
25157
25158
25159
25160
25161
25217
25218
25219
25220
25221
25222
25279
25280
25281
25282
25283
25284
25342
25343
25344
25345
25346
25347
25348
25406
25407
25408
25409
25410
25411
25470
25471
25472
25473
25474
25475
25535
25536
25537
25538
25539
25540
25600
25601
25602
25603
25604
25605
25665
25666
25667
25668
25669
25670
25731
25732
25733
25734
25735
25736
25797
25798
25799
25800
25801
25802
25864
25865
25866
25867
25868
25929
25930
25931
25932
25933
25992
25993
25994
25995
25996
26054
26055
26056
26057
26058
26117
26118
26119
26120
26121
26183
26184
26185
26186
26187
26249
26250
26251
26252
26253
26314
26315
26316
26317
26318
26319
26380
26381
26382
26383
26384
26385
26445
26446
26447
26448
26449
26450
26510
26511
26512
26513
26514
26515
26575
26576
26577
26578
26579
26580
26639
26640
26641
26642
26643
26644
26702
26703
26704
26705
26706
26707
26765
26766
26767
26768
26769
26770
26771
26827
26828
26829
26830
26831
26832
26888
26889
26890
26891
26892
26893
26894
26948
26949
26950
26951
26952
26953
26954
27008
27009
27010
27011
27012
27013
27014
27066
27067
27068
27069
27070
27071
27122
27123
27124
27125
27126
27127
27128
27129
27179
27180
27181
27182
27183
27184
27185
27233
27234
27235
27236
27237
27238
27239
27240
27286
27287
27288
27289
27290
27291
27292
27293
27337
27338
27339
27340
27341
27342
27343
27344
27345
27387
27388
27389
27390
27391
27392
27393
27394
27395
27435
27436
27437
27438
27439
27440
27441
27442
27443
27481
27482
27483
27484
27485
27486
27487
27488
27489
27524
27525
27526
27527
27528
27529
27530
27531
27532
27533
27565
27566
27567
27568
27569
27570
27571
27572
27573
27574
27575
27603
27604
27605
27606
27607
27608
27609
27610
27611
27612
27613
27614
27638
27639
27640
27641
27642
27643
27644
27645
27646
27647
27648
27649
27650
27651
27669
27670
27671
27672
27673
27674
27675
27676
27677
27678
27679
27680
27681
27682
27683
27684
27685
27686
27694
27695
27696
27697
27698
27699
27700
27701
27702
27703
27704
27705
27706
27707
27708
27709
27710
27711
27712
27713
27714
27715
27716
27717
27718
27719
27720
27721
27722
27723
27724
27725
27726
27727
27728
27729
27730
27731
27732
27733
27734
27735
27736
27737
27738
27739
27740
27741
27742
27743
27744
