131878
131879
131880
131881
131882
131883
132026
132027
132028
132029
132030
132031
132032
132033
132175
132176
132177
132178
132179
132180
132181
132182
132324
132325
132326
132327
132328
132329
132471
132472
132473
132474
132475
132476
132618
132619
132620
132621
132622
132623
132624
132625
132767
132768
132769
132770
132771
132772
132773
132774
132917
132918
132919
132920
132921
132922
149530
149531
149532
149533
149534
149535
149678
149679
149680
149681
149682
149683
149684
149685
149827
149828
149829
149830
149831
149832
149833
149834
149976
149977
149978
149979
149980
149981
150123
150124
150125
150126
150127
150128
150270
150271
150272
150273
150274
150275
150276
150277
150419
150420
150421
150422
150423
150424
150425
150426
150569
150570
150571
150572
150573
150574
167182
167183
167184
167185
167186
167187
167330
167331
167332
167333
167334
167335
167336
167337
167479
167480
167481
167482
167483
167484
167485
167486
167628
167629
167630
167631
167632
167633
167775
167776
167777
167778
167779
167780
167922
167923
167924
167925
167926
167927
167928
167929
168071
168072
168073
168074
168075
168076
168077
168078
168221
168222
168223
168224
168225
168226
184834
184835
184836
184837
184838
184839
184982
184983
184984
184985
184986
184987
184988
184989
185131
185132
185133
185134
185135
185136
185137
185138
185280
185281
185282
185283
185284
185285
185427
185428
185429
185430
185431
185432
185574
185575
185576
185577
185578
185579
185580
185581
185723
185724
185725
185726
185727
185728
185729
185730
185873
185874
185875
185876
185877
185878
202486
202487
202488
202489
202490
202491
202634
202635
202636
202637
202638
202639
202640
202641
202783
202784
202785
202786
202787
202788
202789
202790
202932
202933
202934
202935
202936
202937
203079
203080
203081
203082
203083
203084
203226
203227
203228
203229
203230
203231
203232
203233
203375
203376
203377
203378
203379
203380
203381
203382
203525
203526
203527
203528
203529
203530
220138
220139
220140
220141
220142
220143
220286
220287
220288
220289
220290
220291
220292
220293
220435
220436
220437
220438
220439
220440
220441
220442
220584
220585
220586
220587
220588
220589
220731
220732
220733
220734
220735
220736
220878
220879
220880
220881
220882
220883
220884
220885
221027
221028
221029
221030
221031
221032
221033
221034
221177
221178
221179
221180
221181
221182
